algo.colors <-
  c(pDPA="#1B9E77",
    PELT="#D95F02", PELT.default="#D95F02",
    FPOP="#7570B3",
    BinSeg="#E7298A",
    ##dnacopy.default="#66A61E",
    SNIP="#E6AB02",
    SMUCE="#A6761D", SMUCE.default="#A6761D",
    WBS="#666666", WBS.default="#666666")
